Node_ID	X (m)	Y (m)	Z (m)
1	0	0	0
2	0.01	0	0
3	0.02	0	0
4	0.03	0	0
5	0.04	0	0
6	0.05	0	0
7	0.06	0	0
8	0.07	0	0
9	0.08	0	0
10	0.09	0	0
11	0.1	0	0
12	0.11	0	0
13	0.12	0	0
14	0.13	0	0
15	0.14	0	0
16	0.15	0	0
17	0.16	0	0
18	0.17	0	0
19	0.18	0	0
20	0.19	0	0
21	0.2	0	0
22	0.21	0	0
23	0.22	0	0
24	0.23	0	0
25	0.24	0	0
26	0.25	0	0
27	0.26	0	0
28	0.27	0	0
29	0.28	0	0
30	0.29	0	0
31	0.3	0	0
32	0	0.01	0
33	0.01	0.01	0
34	0.02	0.01	0
35	0.03	0.01	0
36	0.04	0.01	0
37	0.05	0.01	0
38	0.06	0.01	0
39	0.07	0.01	0
40	0.08	0.01	0
41	0.09	0.01	0
42	0.1	0.01	0
43	0.11	0.01	0
44	0.12	0.01	0
45	0.13	0.01	0
46	0.14	0.01	0
47	0.15	0.01	0
48	0.16	0.01	0
49	0.17	0.01	0
50	0.18	0.01	0
51	0.19	0.01	0
52	0.2	0.01	0
53	0.21	0.01	0
54	0.22	0.01	0
55	0.23	0.01	0
56	0.24	0.01	0
57	0.25	0.01	0
58	0.26	0.01	0
59	0.27	0.01	0
60	0.28	0.01	0
61	0.29	0.01	0
62	0.3	0.01	0
63	0	0.02	0
64	0.01	0.02	0
65	0.02	0.02	0
66	0.03	0.02	0
67	0.04	0.02	0
68	0.05	0.02	0
69	0.06	0.02	0
70	0.07	0.02	0
71	0.08	0.02	0
72	0.09	0.02	0
73	0.1	0.02	0
74	0.11	0.02	0
75	0.12	0.02	0
76	0.13	0.02	0
77	0.14	0.02	0
78	0.15	0.02	0
79	0.16	0.02	0
80	0.17	0.02	0
81	0.18	0.02	0
82	0.19	0.02	0
83	0.2	0.02	0
84	0.21	0.02	0
85	0.22	0.02	0
86	0.23	0.02	0
87	0.24	0.02	0
88	0.25	0.02	0
89	0.26	0.02	0
90	0.27	0.02	0
91	0.28	0.02	0
92	0.29	0.02	0
93	0.3	0.02	0
94	0	0.03	0
95	0.01	0.03	0
96	0.02	0.03	0
97	0.03	0.03	0
98	0.04	0.03	0
99	0.05	0.03	0
100	0.06	0.03	0
101	0.07	0.03	0
102	0.08	0.03	0
103	0.09	0.03	0
104	0.1	0.03	0
105	0.11	0.03	0
106	0.12	0.03	0
107	0.13	0.03	0
108	0.14	0.03	0
109	0.15	0.03	0
110	0.16	0.03	0
111	0.17	0.03	0
112	0.18	0.03	0
113	0.19	0.03	0
114	0.2	0.03	0
115	0.21	0.03	0
116	0.22	0.03	0
117	0.23	0.03	0
118	0.24	0.03	0
119	0.25	0.03	0
120	0.26	0.03	0
121	0.27	0.03	0
122	0.28	0.03	0
123	0.29	0.03	0
124	0.3	0.03	0
125	0	0.04	0
126	0.01	0.04	0
127	0.02	0.04	0
128	0.03	0.04	0
129	0.04	0.04	0
130	0.05	0.04	0
131	0.06	0.04	0
132	0.07	0.04	0
133	0.08	0.04	0
134	0.09	0.04	0
135	0.1	0.04	0
136	0.11	0.04	0
137	0.12	0.04	0
138	0.13	0.04	0
139	0.14	0.04	0
140	0.15	0.04	0
141	0.16	0.04	0
142	0.17	0.04	0
143	0.18	0.04	0
144	0.19	0.04	0
145	0.2	0.04	0
146	0.21	0.04	0
147	0.22	0.04	0
148	0.23	0.04	0
149	0.24	0.04	0
150	0.25	0.04	0
151	0.26	0.04	0
152	0.27	0.04	0
153	0.28	0.04	0
154	0.29	0.04	0
155	0.3	0.04	0
156	0	0.05	0
157	0.01	0.05	0
158	0.02	0.05	0
159	0.03	0.05	0
160	0.04	0.05	0
161	0.05	0.05	0
162	0.06	0.05	0
163	0.07	0.05	0
164	0.08	0.05	0
165	0.09	0.05	0
166	0.1	0.05	0
167	0.11	0.05	0
168	0.12	0.05	0
169	0.13	0.05	0
170	0.14	0.05	0
171	0.15	0.05	0
172	0.16	0.05	0
173	0.17	0.05	0
174	0.18	0.05	0
175	0.19	0.05	0
176	0.2	0.05	0
177	0.21	0.05	0
178	0.22	0.05	0
179	0.23	0.05	0
180	0.24	0.05	0
181	0.25	0.05	0
182	0.26	0.05	0
183	0.27	0.05	0
184	0.28	0.05	0
185	0.29	0.05	0
186	0.3	0.05	0
187	0	0.06	0
188	0.01	0.06	0
189	0.02	0.06	0
190	0.03	0.06	0
191	0.04	0.06	0
192	0.05	0.06	0
193	0.06	0.06	0
194	0.07	0.06	0
195	0.08	0.06	0
196	0.09	0.06	0
197	0.1	0.06	0
198	0.11	0.06	0
199	0.12	0.06	0
200	0.13	0.06	0
201	0.14	0.06	0
202	0.15	0.06	0
203	0.16	0.06	0
204	0.17	0.06	0
205	0.18	0.06	0
206	0.19	0.06	0
207	0.2	0.06	0
208	0.21	0.06	0
209	0.22	0.06	0
210	0.23	0.06	0
211	0.24	0.06	0
212	0.25	0.06	0
213	0.26	0.06	0
214	0.27	0.06	0
215	0.28	0.06	0
216	0.29	0.06	0
217	0.3	0.06	0
218	0	0.07	0
219	0.01	0.07	0
220	0.02	0.07	0
221	0.03	0.07	0
222	0.04	0.07	0
223	0.05	0.07	0
224	0.06	0.07	0
225	0.07	0.07	0
226	0.08	0.07	0
227	0.09	0.07	0
228	0.1	0.07	0
229	0.11	0.07	0
230	0.12	0.07	0
231	0.13	0.07	0
232	0.14	0.07	0
233	0.15	0.07	0
234	0.16	0.07	0
235	0.17	0.07	0
236	0.18	0.07	0
237	0.19	0.07	0
238	0.2	0.07	0
239	0.21	0.07	0
240	0.22	0.07	0
241	0.23	0.07	0
242	0.24	0.07	0
243	0.25	0.07	0
244	0.26	0.07	0
245	0.27	0.07	0
246	0.28	0.07	0
247	0.29	0.07	0
248	0.3	0.07	0
249	0	0.08	0
250	0.01	0.08	0
251	0.02	0.08	0
252	0.03	0.08	0
253	0.04	0.08	0
254	0.05	0.08	0
255	0.06	0.08	0
256	0.07	0.08	0
257	0.08	0.08	0
258	0.09	0.08	0
259	0.1	0.08	0
260	0.11	0.08	0
261	0.12	0.08	0
262	0.13	0.08	0
263	0.14	0.08	0
264	0.15	0.08	0
265	0.16	0.08	0
266	0.17	0.08	0
267	0.18	0.08	0
268	0.19	0.08	0
269	0.2	0.08	0
270	0.21	0.08	0
271	0.22	0.08	0
272	0.23	0.08	0
273	0.24	0.08	0
274	0.25	0.08	0
275	0.26	0.08	0
276	0.27	0.08	0
277	0.28	0.08	0
278	0.29	0.08	0
279	0.3	0.08	0
280	0	0.09	0
281	0.01	0.09	0
282	0.02	0.09	0
283	0.03	0.09	0
284	0.04	0.09	0
285	0.05	0.09	0
286	0.06	0.09	0
287	0.07	0.09	0
288	0.08	0.09	0
289	0.09	0.09	0
290	0.1	0.09	0
291	0.11	0.09	0
292	0.12	0.09	0
293	0.13	0.09	0
294	0.14	0.09	0
295	0.15	0.09	0
296	0.16	0.09	0
297	0.17	0.09	0
298	0.18	0.09	0
299	0.19	0.09	0
300	0.2	0.09	0
301	0.21	0.09	0
302	0.22	0.09	0
303	0.23	0.09	0
304	0.24	0.09	0
305	0.25	0.09	0
306	0.26	0.09	0
307	0.27	0.09	0
308	0.28	0.09	0
309	0.29	0.09	0
310	0.3	0.09	0
311	0	0.1	0
312	0.01	0.1	0
313	0.02	0.1	0
314	0.03	0.1	0
315	0.04	0.1	0
316	0.05	0.1	0
317	0.06	0.1	0
318	0.07	0.1	0
319	0.08	0.1	0
320	0.09	0.1	0
321	0.1	0.1	0
322	0.11	0.1	0
323	0.12	0.1	0
324	0.13	0.1	0
325	0.14	0.1	0
326	0.15	0.1	0
327	0.16	0.1	0
328	0.17	0.1	0
329	0.18	0.1	0
330	0.19	0.1	0
331	0.2	0.1	0
332	0.21	0.1	0
333	0.22	0.1	0
334	0.23	0.1	0
335	0.24	0.1	0
336	0.25	0.1	0
337	0.26	0.1	0
338	0.27	0.1	0
339	0.28	0.1	0
340	0.29	0.1	0
341	0.3	0.1	0
342	0	0.11	0
343	0.01	0.11	0
344	0.02	0.11	0
345	0.03	0.11	0
346	0.04	0.11	0
347	0.05	0.11	0
348	0.06	0.11	0
349	0.07	0.11	0
350	0.08	0.11	0
351	0.09	0.11	0
352	0.1	0.11	0
353	0.11	0.11	0
354	0.12	0.11	0
355	0.13	0.11	0
356	0.14	0.11	0
357	0.15	0.11	0
358	0.16	0.11	0
359	0.17	0.11	0
360	0.18	0.11	0
361	0.19	0.11	0
362	0.2	0.11	0
363	0.21	0.11	0
364	0.22	0.11	0
365	0.23	0.11	0
366	0.24	0.11	0
367	0.25	0.11	0
368	0.26	0.11	0
369	0.27	0.11	0
370	0.28	0.11	0
371	0.29	0.11	0
372	0.3	0.11	0
373	0	0.12	0
374	0.01	0.12	0
375	0.02	0.12	0
376	0.03	0.12	0
377	0.04	0.12	0
378	0.05	0.12	0
379	0.06	0.12	0
380	0.07	0.12	0
381	0.08	0.12	0
382	0.09	0.12	0
383	0.1	0.12	0
384	0.11	0.12	0
385	0.12	0.12	0
386	0.13	0.12	0
387	0.14	0.12	0
388	0.15	0.12	0
389	0.16	0.12	0
390	0.17	0.12	0
391	0.18	0.12	0
392	0.19	0.12	0
393	0.2	0.12	0
394	0.21	0.12	0
395	0.22	0.12	0
396	0.23	0.12	0
397	0.24	0.12	0
398	0.25	0.12	0
399	0.26	0.12	0
400	0.27	0.12	0
401	0.28	0.12	0
402	0.29	0.12	0
403	0.3	0.12	0
404	0	0.13	0
405	0.01	0.13	0
406	0.02	0.13	0
407	0.03	0.13	0
408	0.04	0.13	0
409	0.05	0.13	0
410	0.06	0.13	0
411	0.07	0.13	0
412	0.08	0.13	0
413	0.09	0.13	0
414	0.1	0.13	0
415	0.11	0.13	0
416	0.12	0.13	0
417	0.13	0.13	0
418	0.14	0.13	0
419	0.15	0.13	0
420	0.16	0.13	0
421	0.17	0.13	0
422	0.18	0.13	0
423	0.19	0.13	0
424	0.2	0.13	0
425	0.21	0.13	0
426	0.22	0.13	0
427	0.23	0.13	0
428	0.24	0.13	0
429	0.25	0.13	0
430	0.26	0.13	0
431	0.27	0.13	0
432	0.28	0.13	0
433	0.29	0.13	0
434	0.3	0.13	0
435	0	0.14	0
436	0.01	0.14	0
437	0.02	0.14	0
438	0.03	0.14	0
439	0.04	0.14	0
440	0.05	0.14	0
441	0.06	0.14	0
442	0.07	0.14	0
443	0.08	0.14	0
444	0.09	0.14	0
445	0.1	0.14	0
446	0.11	0.14	0
447	0.12	0.14	0
448	0.13	0.14	0
449	0.14	0.14	0
450	0.15	0.14	0
451	0.16	0.14	0
452	0.17	0.14	0
453	0.18	0.14	0
454	0.19	0.14	0
455	0.2	0.14	0
456	0.21	0.14	0
457	0.22	0.14	0
458	0.23	0.14	0
459	0.24	0.14	0
460	0.25	0.14	0
461	0.26	0.14	0
462	0.27	0.14	0
463	0.28	0.14	0
464	0.29	0.14	0
465	0.3	0.14	0
466	0	0.15	0
467	0.01	0.15	0
468	0.02	0.15	0
469	0.03	0.15	0
470	0.04	0.15	0
471	0.05	0.15	0
472	0.06	0.15	0
473	0.07	0.15	0
474	0.08	0.15	0
475	0.09	0.15	0
476	0.1	0.15	0
477	0.11	0.15	0
478	0.12	0.15	0
479	0.13	0.15	0
480	0.14	0.15	0
481	0.15	0.15	0
482	0.16	0.15	0
483	0.17	0.15	0
484	0.18	0.15	0
485	0.19	0.15	0
486	0.2	0.15	0
487	0.21	0.15	0
488	0.22	0.15	0
489	0.23	0.15	0
490	0.24	0.15	0
491	0.25	0.15	0
492	0.26	0.15	0
493	0.27	0.15	0
494	0.28	0.15	0
495	0.29	0.15	0
496	0.3	0.15	0
497	0	0.16	0
498	0.01	0.16	0
499	0.02	0.16	0
500	0.03	0.16	0
501	0.04	0.16	0
502	0.05	0.16	0
503	0.06	0.16	0
504	0.07	0.16	0
505	0.08	0.16	0
506	0.09	0.16	0
507	0.1	0.16	0
508	0.11	0.16	0
509	0.12	0.16	0
510	0.13	0.16	0
511	0.14	0.16	0
512	0.15	0.16	0
513	0.16	0.16	0
514	0.17	0.16	0
515	0.18	0.16	0
516	0.19	0.16	0
517	0.2	0.16	0
518	0.21	0.16	0
519	0.22	0.16	0
520	0.23	0.16	0
521	0.24	0.16	0
522	0.25	0.16	0
523	0.26	0.16	0
524	0.27	0.16	0
525	0.28	0.16	0
526	0.29	0.16	0
527	0.3	0.16	0
528	0	0.17	0
529	0.01	0.17	0
530	0.02	0.17	0
531	0.03	0.17	0
532	0.04	0.17	0
533	0.05	0.17	0
534	0.06	0.17	0
535	0.07	0.17	0
536	0.08	0.17	0
537	0.09	0.17	0
538	0.1	0.17	0
539	0.11	0.17	0
540	0.12	0.17	0
541	0.13	0.17	0
542	0.14	0.17	0
543	0.15	0.17	0
544	0.16	0.17	0
545	0.17	0.17	0
546	0.18	0.17	0
547	0.19	0.17	0
548	0.2	0.17	0
549	0.21	0.17	0
550	0.22	0.17	0
551	0.23	0.17	0
552	0.24	0.17	0
553	0.25	0.17	0
554	0.26	0.17	0
555	0.27	0.17	0
556	0.28	0.17	0
557	0.29	0.17	0
558	0.3	0.17	0
559	0	0.18	0
560	0.01	0.18	0
561	0.02	0.18	0
562	0.03	0.18	0
563	0.04	0.18	0
564	0.05	0.18	0
565	0.06	0.18	0
566	0.07	0.18	0
567	0.08	0.18	0
568	0.09	0.18	0
569	0.1	0.18	0
570	0.11	0.18	0
571	0.12	0.18	0
572	0.13	0.18	0
573	0.14	0.18	0
574	0.15	0.18	0
575	0.16	0.18	0
576	0.17	0.18	0
577	0.18	0.18	0
578	0.19	0.18	0
579	0.2	0.18	0
580	0.21	0.18	0
581	0.22	0.18	0
582	0.23	0.18	0
583	0.24	0.18	0
584	0.25	0.18	0
585	0.26	0.18	0
586	0.27	0.18	0
587	0.28	0.18	0
588	0.29	0.18	0
589	0.3	0.18	0
590	0	0.19	0
591	0.01	0.19	0
592	0.02	0.19	0
593	0.03	0.19	0
594	0.04	0.19	0
595	0.05	0.19	0
596	0.06	0.19	0
597	0.07	0.19	0
598	0.08	0.19	0
599	0.09	0.19	0
600	0.1	0.19	0
601	0.11	0.19	0
602	0.12	0.19	0
603	0.13	0.19	0
604	0.14	0.19	0
605	0.15	0.19	0
606	0.16	0.19	0
607	0.17	0.19	0
608	0.18	0.19	0
609	0.19	0.19	0
610	0.2	0.19	0
611	0.21	0.19	0
612	0.22	0.19	0
613	0.23	0.19	0
614	0.24	0.19	0
615	0.25	0.19	0
616	0.26	0.19	0
617	0.27	0.19	0
618	0.28	0.19	0
619	0.29	0.19	0
620	0.3	0.19	0
621	0	0.2	0
622	0.01	0.2	0
623	0.02	0.2	0
624	0.03	0.2	0
625	0.04	0.2	0
626	0.05	0.2	0
627	0.06	0.2	0
628	0.07	0.2	0
629	0.08	0.2	0
630	0.09	0.2	0
631	0.1	0.2	0
632	0.11	0.2	0
633	0.12	0.2	0
634	0.13	0.2	0
635	0.14	0.2	0
636	0.15	0.2	0
637	0.16	0.2	0
638	0.17	0.2	0
639	0.18	0.2	0
640	0.19	0.2	0
641	0.2	0.2	0
642	0.21	0.2	0
643	0.22	0.2	0
644	0.23	0.2	0
645	0.24	0.2	0
646	0.25	0.2	0
647	0.26	0.2	0
648	0.27	0.2	0
649	0.28	0.2	0
650	0.29	0.2	0
651	0.3	0.2	0
